scepticism: 11.0
advancements: 9.428571428571429
relied: 7.333333333333333
socalled: 6.6
islam: 6.5
islamic: 6.125
conquests: 5.75
potent: 5.5
scholars: 5.133333333333334
importance: 5.0
groundbreaking: 4.666666666666667
equate: 4.0
renaissance: 3.857142857142857
golden: 3.8
rightly: 3.6666666666666665
atomic: 3.5
scholar: 3.4444444444444446
objectively: 3.2857142857142856
astronomical: 3.0
paragraph: 2.857142857142857
bomber: 2.7777777777777777
contributions: 2.75
bomb: 2.727272727272727
countermeasures: 2.6666666666666665
revolution: 2.611111111111111
period: 2.6097560975609757
civilization: 2.5714285714285716
detonated: 2.5
varied: 2.4
murder: 2.3333333333333335
straightforward: 2.2
revolutionary: 2.1666666666666665
scientific: 2.057142857142857
cultural: 2.0454545454545454
age: 2.0307692307692307
understandable: 2.0
presidents: 1.9166666666666667
skip: 1.8571428571428572
bombers: 1.8
nuke: 1.75
bombs: 1.6363636363636365
legitimacy: 1.625
nuclear: 1.619047619047619
consciously: 1.5714285714285714
nukes: 1.5
lee: 1.4444444444444444
shaping: 1.375
european: 1.3703703703703705
accurate: 1.3555555555555556
aircraft: 1.2727272727272727
journal: 1.25
hydrogen: 1.2352941176470589
passionate: 1.2222222222222223
reactions: 1.2
terrorist: 1.1666666666666667
un: 1.1333333333333333
stealth: 1.125
libya: 1.1
bombing: 1.0909090909090908
century: 1.064516129032258
europe: 1.0169491525423728
washington: 1.0
sources: 0.967741935483871
stood: 0.9166666666666666
christian: 0.8571428571428571
call: 0.8356164383561644
george: 0.8333333333333334
global: 0.8125
passengers: 0.8
student: 0.7948717948717948
medieval: 0.7857142857142857
influence: 0.7777777777777778
zilean: 0.7222222222222222
east: 0.72
picture: 0.7096774193548387
united: 0.6875
arguing: 0.6842105263157895
relative: 0.6666666666666666
necessarily: 0.6
followed: 0.5714285714285714
japan: 0.5384615384615384
ethical: 0.5294117647058824
intelligence: 0.5277777777777778
military: 0.5266666666666666
law: 0.5230769230769231
isis: 0.4827586206896552
abortion: 0.47058823529411764
egoism: 0.46296296296296297
sign: 0.4583333333333333
caused: 0.45454545454545453
police: 0.4523809523809524
john: 0.4482758620689655
perspective: 0.4444444444444444
tend: 0.4411764705882353
intellectual: 0.43333333333333335
ancient: 0.4230769230769231
paper: 0.41025641025641024
states: 0.4
kim: 0.39285714285714285
selfinterest: 0.3870967741935484
suicide: 0.37142857142857144
political: 0.36231884057971014
china: 0.3611111111111111
compare: 0.3548387096774194
personal: 0.35135135135135137
wed: 0.34146341463414637
subject: 0.3333333333333333
view: 0.3283582089552239
wellbeing: 0.325
crime: 0.3235294117647059
among: 0.3181818181818182
literature: 0.275
nk: 0.26865671641791045
government: 0.26519337016574585
argument: 0.2608695652173913
theyll: 0.26
science: 0.25862068965517243
title: 0.22
result: 0.2191780821917808
history: 0.20512820512820512
countries: 0.20202020202020202
evidence: 0.19642857142857142
effective: 0.171875
mean: 0.14432989690721648
american: 0.14423076923076922
cmv: 0.14018691588785046
society: 0.13793103448275862
weapons: 0.1095890410958904
trump: 0.08552631578947369
us: 0.07111111111111111
war: 0.05217391304347826
